Difficulty:Easy
Size:16x16
1,2,13,7,11,3,4,15,16,9,10,6,12,14,8,5
8,15,14,5,10,13,7,9,2,1,12,11,16,3,4,6
6,12,3,11,8,1,14,16,4,7,15,5,2,9,10,13
4,16,9,10,5,12,2,6,8,3,13,14,11,15,7,1
10,5,11,13,3,4,12,14,1,2,16,15,6,8,9,7
3,6,12,8,15,11,9,1,10,4,5,7,13,2,14,16
9,4,1,16,7,5,13,2,6,14,8,12,10,11,3,15
14,7,15,2,16,10,6,8,11,13,3,9,5,12,1,4
16,9,4,3,13,15,8,12,7,6,2,1,14,5,11,10
15,10,2,6,1,7,11,5,13,12,14,8,9,4,16,3
7,13,5,12,9,14,10,3,15,11,4,16,1,6,2,8
11,14,8,1,2,6,16,4,3,5,9,10,7,13,15,12
13,3,10,14,6,9,15,7,5,8,1,2,4,16,12,11
12,11,6,15,4,2,3,10,9,16,7,13,8,1,5,14
5,8,7,9,14,16,1,11,12,15,6,4,3,10,13,2
2,1,16,4,12,8,5,13,14,10,11,3,15,7,6,9
